1.000000	4.000000	0.00265411280951066263
4.000000	7.000000	0.00011996204933586330
7.000000	10.000000	0.00003620462227094179
10.000000	13.000000	0.00001429721991318001
13.000000	16.000000	0.00000833174558699916
1.000000	3.000000	0.00252383367538110874
3.000000	5.000000	0.00018865570234564500
5.000000	7.000000	0.00005751824024622072
7.000000	9.000000	0.00002786468496398285
9.000000	11.000000	0.00001460273720951593
11.000000	13.000000	0.00000800925326177478
13.000000	15.000000	0.00000671315372424723
15.000000	17.000000	0.00000407175730252653
1.000000	2.000000	0.00216444286095991006
2.000000	3.000000	0.00035616376150889430
3.000000	4.000000	0.00012621835471427259
4.000000	5.000000	0.00006232249932475012
5.000000	6.000000	0.00003436269991867715
6.000000	7.000000	0.00002313521356669992
7.000000	8.000000	0.00001784436151815783
8.000000	9.000000	0.00001000602904905454
9.000000	10.000000	0.00000831942789034565
10.000000	11.000000	0.00000627956197662649
11.000000	12.000000	0.00000579070841414981
12.000000	13.000000	0.00000221192175767127
13.000000	14.000000	0.00000283390713687541
14.000000	15.000000	0.00000388119921546652
15.000000	16.000000	0.00000161207462266804
21.575000	28.392000	0.00000396475000145806
14.383000	18.928000	0.00000875604239989907
10.788000	14.196000	0.00001237564103039494
8.630000	11.357000	0.00001938081757944607
7.192000	9.464000	0.00002874707409611935
6.165000	8.112000	0.00003782916085683171
5.394000	7.098000	0.00004301505097325763
4.795000	6.310000	0.00005371616553244944
4.315000	5.679000	0.00006480167978699600
3.923000	5.163000	0.00007544627420470248
3.596000	4.732000	0.00008988241472459713
3.320000	4.368000	0.00010039054219616205
3.083000	4.056000	0.00011275513225690089
2.877000	3.786000	0.00012877581869399836
2.697000	3.549000	0.00014861746197841248
2.539000	3.341000	0.00016449155729045386
2.398000	3.155000	0.00019047060023586311
2.271000	2.989000	0.00021061296034627654
2.158000	2.840000	0.00022526030120568067
2.055000	2.704000	0.00024924167829718657
1.962000	2.582000	0.00027706776990600113
1.877000	2.469000	0.00029525574817322684
1.798000	2.366000	0.00034545097521180028
1.726000	2.272000	0.00035315658728798976
1.660000	2.184000	0.00040496444284270972
1.599000	2.104000	0.00046179646016119614
1.542000	2.028000	0.00049353400620563844
1.488000	1.959000	0.00052310969989464886
1.439000	1.893000	0.00055560534599601713
1.392000	1.832000	0.00061377587208579897
1.349000	1.775000	0.00065592328224278219
1.308000	1.721000	0.00066130395976630562
1.270000	1.671000	0.00073862121911124517
1.233000	1.623000	0.00074787976363062793
1.199000	1.578000	0.00087448292563914584
1.167000	1.535000	0.00089012441956527906
1.136000	1.495000	0.00090530176120094024
1.107000	1.456000	0.00096198879646564278
1.079000	1.420000	0.00097437327690081863
1.053000	1.385000	0.00103774292059952687
1.028000	1.352000	0.00110674235279467192
1.004000	1.321000	0.00111886090476410820
